10 0.00422361 0.128853
10 0.129135 0.128853
10 0.129135 0.00394167
10 0.00422361 0.00394167
10 0.00422361 0.128853

11 -0.147045 0.128853
11 -0.0221336 0.128853
11 -0.0221336 0.00394167
11 -0.147045 0.00394167
11 -0.147045 0.128853

12 -0.279839 0.128853
12 -0.154928 0.128853
12 -0.154928 0.00394167
12 -0.279839 0.00394167
12 -0.279839 0.128853

13 0.0283364 0.261647
13 0.153248 0.261647
13 0.153248 0.136736
13 0.0283364 0.136736
13 0.0283364 0.261647

14 -0.122932 0.261647
14 0.00197917 0.261647
14 0.00197917 0.136736
14 -0.122932 0.136736
14 -0.122932 0.261647

15 -0.255726 0.261647
15 -0.130815 0.261647
15 -0.130815 0.136736
15 -0.255726 0.136736
15 -0.255726 0.261647

16 0.0795758 0.394442
16 0.204487 0.394442
16 0.204487 0.269531
16 0.0795758 0.269531
16 0.0795758 0.394442

17 -0.0716925 0.394442
17 0.0532186 0.394442
17 0.0532186 0.269531
17 -0.0716925 0.269531
17 -0.0716925 0.394442

18 -0.204487 0.394442
18 -0.0795758 0.394442
18 -0.0795758 0.269531
18 -0.204487 0.269531
18 -0.204487 0.394442

1 0.00422361 -0.00394167
1 0.129135 -0.00394167
1 0.129135 -0.128853
1 0.00422361 -0.128853
1 0.00422361 -0.00394167

2 -0.147045 -0.00394167
2 -0.0221336 -0.00394167
2 -0.0221336 -0.128853
2 -0.147045 -0.128853
2 -0.147045 -0.00394167

3 -0.279839 -0.00394167
3 -0.154928 -0.00394167
3 -0.154928 -0.128853
3 -0.279839 -0.128853
3 -0.279839 -0.00394167

4 0.0283364 -0.136736
4 0.153248 -0.136736
4 0.153248 -0.261647
4 0.0283364 -0.261647
4 0.0283364 -0.136736

5 -0.122932 -0.136736
5 0.00197917 -0.136736
5 0.00197917 -0.261647
5 -0.122932 -0.261647
5 -0.122932 -0.136736

6 -0.255726 -0.136736
6 -0.130815 -0.136736
6 -0.130815 -0.261647
6 -0.255726 -0.261647
6 -0.255726 -0.136736

7 0.0795758 -0.269531
7 0.204487 -0.269531
7 0.204487 -0.394442
7 0.0795758 -0.394442
7 0.0795758 -0.269531

8 -0.0716925 -0.269531
8 0.0532186 -0.269531
8 0.0532186 -0.394442
8 -0.0716925 -0.394442
8 -0.0716925 -0.269531

9 -0.204487 -0.269531
9 -0.0795758 -0.269531
9 -0.0795758 -0.394442
9 -0.204487 -0.394442
9 -0.204487 -0.269531

