16.01361   0.3739576
16.10227   0.3739576
16.19093   0.3739576
16.27959   0.3739576
16.36826   0.3739576
16.45692   0.3739576
16.54558   0.3739576
16.63424   0.3739576
16.72290   0.3739576
16.81157   0.3739576
16.90023   0.3739576
16.98889   0.3739576
17.07755   0.3739576
17.16621   0.3739576
17.25488   0.3739576
17.34354   0.3739576
17.43220   0.3739576
17.52086   0.3739576
17.60953   0.3739576
17.69819   0.3739576
17.78685   0.3739576
17.87551   0.3739576
17.96417   0.3875838
18.05284   0.3875838
18.14150   0.3875838
18.23016   0.3875838
18.31882   0.3875838
18.40749   0.3875838
18.49615   0.3875838
18.58481   0.3875838
18.67347   0.3875838
18.76213   0.3875838
18.85080   0.3875838
18.93946   0.3875838
19.02812   0.3875838
19.11678   0.3875838
19.20544   0.3875838
19.29411   0.3875838
19.38277   0.3875838
19.47143   0.3875838
19.56009   0.3875838
19.64876   0.3875838
19.73742   0.3875838
19.82608   0.3945820
19.91474   0.4017065
20.00340   0.4017065
20.09207   0.4017065
20.18073   0.4017065
20.26939   0.4017065
20.35805   0.4163438
20.44671   0.4238613
20.53538   0.4315145
20.62404   0.4315145
20.71270   0.4315145
20.80136   0.4315145
20.89003   0.4635343
20.97869   0.4635343
21.06735   0.4635343
21.15601   0.4804245
21.24467   0.4979301
21.33334   0.5069206
21.42200   0.5253917
21.51066   0.5445358
21.59932   0.5745679
21.68799   0.5955039
21.77665   0.6172027
21.86531   0.6512424
21.95397   0.6995668
22.04263   0.7250575
22.13130   0.7650455
22.21996   0.8218145
22.30862   0.8517596
22.39728   0.8987355
22.48594   0.9654246
22.57461   1.037062
22.66327   1.114016
22.75193   1.196679
22.84059   1.285477
22.92926   1.380864
23.01792   1.457021
23.10658   1.565136
23.19524   1.681275
23.28390   1.838640
23.37257   1.975073
23.46123   2.121630
23.54989   2.279062
23.63855   2.537383
23.72722   2.677323
23.81588   2.875990
23.90454   3.034605
23.99320   3.378562
24.08186   3.629263
24.17053   3.968958
24.25919   4.340449
24.34785   4.662524
24.43651   4.919670
